10
387
6
2
562
9
11
8
12
5
4
3
7
1
30
392
31
32
15
18
390
17
21
23
29
28
405
493
26
389
13
393
25
24
20
19
391
553
409
408
453
16
27
14
22
33
404
403
402
471
407
406
552
467
466
469
470
468
398
399
397
395
396
472
401
394
400
34
35
64
56
41
42
46
54
57
58
38
39
40
53
191
49
50
52
51
48
44
65
43
63
62
47
67
45
60
61
59
36
66
55
37
187
188
190
186
68
69
72
73
460
71
70
74
75
461
76
77
80
81
78
82
83
89
88
531
85
87
86
84
90
91
92
93
94
95
96
98
99
105
104
97
490
489
100
567
541
103
450
101
102
540
542
106
107
108
544
109
451
499
543
111
110
112
113
114
115
116
117
118
119
464
120
539
546
121
122
545
124
123
125
126
127
465
133
128
129
551
130
131
132
548
134
135
137
136
498
138
139
549
550
565
566
530
529
140
141
142
145
144
143
146
147
148
149
151
152
153
154
155
156
157
158
159
474
160
161
162
163
164
165
169
166
538
167
168
170
171
206
561
208
194
193
196
195
199
198
207
197
205
200
494
201
202
203
204
192
209
442
454
458
437
436
441
440
445
439
438
433
475
216
217
218
219
215
214
213
210
459
212
211
220
560
221
238
222
236
227
235
232
224
434
497
237
234
228
239
233
230
231
229
225
226
223
242
245
244
243
240
250
246
241
251
248
247
249
252
253
254
257
262
271
273
272
280
260
258
259
275
261
256
255
564
277
274
268
267
269
270
266
264
263
276
278
279
265
282
283
281
554
287
293
288
284
290
285
528
555
291
301
300
299
297
298
289
296
295
294
556
286
321
317
328
320
329
306
307
308
310
309
333
315
426
334
305
304
311
316
332
314
558
318
319
557
330
331
335
427
312
313
480
323
326
325
324
322
327
302
303
344
348
339
349
340
347
343
342
526
346
345
337
336
527
341
361
359
358
362
363
432
354
350
351
355
435
360
352
431
430
429
428
353
414
357
356
365
378
386
379
381
382
385
364
368
369
376
377
383
370
367
425
373
384
375
374
372
366
371
423
422
411
412
410
424
421
491
476
413
420
417
419
418
415
416
495
492
496
533
479
477
478
534
500
563
536
535
457
455
537
452
532
443
456
449
448
447
444
485
483
482
481
484
486
488
487