10
8
10
8
0
10
12
12
12
8
10
10
12
10
10
10
10
10
6
6
6
6
8
8
6
6
8
0
7
4
5
6
6
6
15
6
15
0
7
7
7
6
15
8
8
15
20
15
20
0
15
20
0
22
22
22
22
22
22
30
22
22
22
22
20
15
20
148.9
72.9
34.9
64.9
199
159.9
519
278
89.9
99.9
64.9
118.9
114.9
249
59.9
189.9
1280
349
789
119.9
149
29.9
199
44.9
47.9
810
39.9
449
44.9
59.9
99.9
64.9
26.9
89.9
72.9
35
45
0
15
114.9
95
127.9
123.9
53
47.9
47.9
37.9
37.9
12.5
119.9
15.9
129.9
129.9
97.9
117.5
172
0
14.9
0
0
29.9
35.9
45.9
24.9
24.9
35.9
35.9
24.9
24.9
24.9
29.9
29.9
59.8
59.8
34.9
0
0
39.9
0
0
25
8
15
20
0
0
64.9
44.9
49.9
0
0
12
0
0
0
75.9
59.9
39.9
39.9
56.9
69.9
39.9
39.9
89.9
0
0
0
0
29.9
0
0
44.9
44.9
57.9
44.9
49.9
54.9
0
98
64.9
0
44.9
0
0
0
0
0
0
0
0
0
0
0
0
0
0
0
0
0
0
0
0
0
0
0
0
0
76.9
0
0
49.9
0
35
0
0
0
0
0
0
0
0
0
63
0
0
0
0
0
0
0
0
0
0
0
0
0
0
0
0
0
0
0
0
0
0
0
0
0
0
0
0
0
0
0
0
0
0
0
0
0
0
0
0
0
0
0
0
0
0
0
0
0
0
0
0
0
0
0
0
0
0
0
0
0
0
0
0
0
0
0
0
0
0
0
0
0
0
0
0
0
0
0
0
0
0
0
0
0
0
0
0
0
0
4.2
24.5
29.9
20.5
0
6.5
6.5
6.5
0
1.5
0
13.5
0
2
0
10.9
0
23
11.9
2.5
2.5
5.5
0
0
0
0
0
0
0
0
0
0
0
0
0
0
0
0
0
0
0
0
0
0
0
0
0
0
0
0
0
0
0
0
0
0
0
0
0
0
0
0
0
0
0
0
0
0
0
0
0
0
0
0
0
0
0
0
0
0
0
0
0
0
0
0
0
0
0
0
0
0
0
0
0
0
0
0
0
0
0
0
0
0
0
0
0
0
0
0
0
0
0
0
0
0
0
0
0
0
0
0
0
0
0
0
0
0
0
0
0
0
0
0
0
0
0
0
0
0
0
0
0
0
0
0
0
0
0
0
0
0
0
0
0
0
0
0
0
0
0
0
0
0
0
0
0
0
0
0
0
0
4
0
0
0
0
0
0
0
0
0
0
0
0
0
0
0
0
0
0
0
0
0
0