60
0
312
504
0
0
384
-48
240
168
-14
0
120
168
24
24
0
0
53
0
-12
30
48
0
0
108
120
0
408
0
0
0
0
-12
6
42
30
432
0
-8
48
180
96
8
16
0
-3
0
0
0
0
0
14
0
0
0
0
0
0
0
0
0
0
0
0
0
0
0
0
0
28
0
0
0
0
0
0
0
0
5
0
0
0
0
0
0
5
0
2
0
10
0
0
0
0
34
0
2
3
0
9
7
0
0
0
24
0
0
0
0
12
0
0
3
0
0
0
0
0
0
0
14
0
0
0
22
0
42
4
52
0
0
-2
2
0
0
0
5
21
0
0
3
4
1
15
-1
3
1
0
29
0
3
11
0
9
6
3
2
0
0
12
0
0
12
46
0
10
0
36
1
0
0
0
48
1
24
0
6
0
5
1
4
5
1
6
0
8
4
8
0
24
1
6
0
0
0
6
0
0
10
13
-3
-3
5
49
0
0
0
3
0
4
0
0
0
-3
0
0
0
0
0
0
-1
0
0
24
2
21
0
-3
22
12
0
0
2
0
5
0
0
-2
0
0
0
0
0
0
0
0
0
0
0
0
0
0
0
0
0
0
0
0
0
0
0
0
0
0
0
0
0
0
0
0
0
0
0
0
0
0
0
0
0
0
0
6
0
0
0
0
0
0
0
0
0
0
0
0
0
0
0
0
0
0
24
0
0
0
0
0
0
0
0
0
0
0
0
0
0
0
0
0
-30
0
0
0
0
0
0
0
0
0
0
-20
-10
-10
0
0
16
24
0
0
0
0
6
0
0
0
12
0
0
8
5
3
0
0
0
0
59
14
5
0
0
0
0
0
0
0
0
0
0
47
15
0
0
0
0
0
0
0
0
0
0
0
0
0
0
9
0
0
0
0
0
18
0
0
63
0
0
0
0
0
0
0
0
0
0
0
0
0
0
0
0
4
0
0
24
40
75
50
50
20
60
87
39
17
50
0
0
0
0
24
0
0
0
0
0
0
20
40
0
0
0
0
0
0
0
0
0
0
0
0
0
0
0
0
0
0
0
0
0
0
0
0
0
0
0
0
0
0
0
0
0
0
0
0
0
0
0
0
0
0
0
0
0
0
0
29
264
36
120
10
132
72
0
0
-36
96
24
0
0
12
48
60
0
0
6
6
0
0
0
0
0
0
0
0
0
0